1.156894687343031869e+01
1.021682825051198940e+01
9.876815868072009508e+00
7.916825696635509502e+00
9.502930197485602193e+00
9.425559420731014271e+00
9.697576918517540889e+00
9.153317723176153109e+00
9.736500231024072249e+00
9.303100369640498357e+00
8.466453646637319252e+00
1.066494078049958460e+01
1.066163644220753071e+01
1.148989146365294900e+01
9.830352042176860650e+00
9.375640985399110505e+00
9.234958452380469751e+00
8.233841084417031553e+00
1.076268583425816061e+01
8.679250769888524175e+00
8.595271872979827421e+00
9.574668500577459440e+00
1.126646675507459072e+01
1.001703466722691260e+01
8.756533260073531721e+00
9.067325199887951825e+00
1.040556336616283062e+01
9.619805036813076526e+00
9.011482049680770601e+00
9.550287677722060664e+00
1.052537466640537112e+01
1.175642918312630236e+01
8.536195071044064164e+00
9.153901488811630571e+00
8.976552305423423306e+00
7.361235226821330357e+00
8.856526378304211633e+00
8.756442639157162589e+00
1.090429635895746863e+01
9.648404167199100101e+00
8.157032954164753491e+00
1.042699385227017217e+01
9.424047640553256500e+00
8.037177363046541956e+00
9.183668758315802094e+00
9.191724020311758281e+00
8.906436102237700325e+00
9.810032215361017549e+00
7.532060632423394964e+00
9.512556535153944282e+00
1.079350184188649564e+01
1.063311624095415020e+01
1.088850589993499263e+01
1.089970905531889223e+01
1.126786153199254059e+01
8.662017715599635181e+00
1.062615180705718210e+01
7.919428871057887065e+00
9.177433295992782902e+00
7.865846356594186517e+00
1.082846591224625499e+01
1.111405621944248701e+01
9.582903720841750683e+00
1.155496343140593574e+01
9.105590889688286893e+00
9.930935265365022246e+00
9.933264102762482395e+00
8.716123126063475723e+00
1.021826501128008324e+01
1.171929686040049390e+01
8.755387525391913783e+00
1.067965684584081387e+01
9.625811548100713821e+00
1.154994570329374426e+01
1.026410674760053077e+01
1.045653479986306245e+01
1.042348168059571911e+01
1.002940510672583407e+01
8.384554897359326020e+00
1.117198130774480802e+01
8.409649387447984736e+00
1.001888159240590248e+01
1.039439548775409428e+01
8.942406127297706675e+00
9.925381614103528705e+00
1.094820068630164300e+01
9.756213929928771122e+00
8.891660982147051584e+00
6.864580648207288860e+00
8.808477897427390957e+00
9.189239661514125856e+00
9.263901032211526498e+00
8.820322219772783967e+00
1.015761363411320062e+01
9.205609979507295648e+00
9.670864066119392533e+00
1.045938999982550754e+01
8.924881231340119569e+00
9.480112325480449798e+00
1.193846774205691830e+01
1.065460412261052170e+01
8.486781768078216714e+00
9.700577461814429370e+00
1.034480391829459833e+01
1.101378944445315611e+01
9.929304794680991364e+00
9.249736255644895877e+00
9.049791756306669654e+00
1.042538038498391018e+01
1.009337877402410655e+01
9.263670475201850607e+00
9.591246733564288363e+00
9.364120384869853098e+00
1.050497605823944980e+01
9.090357722686134068e+00
1.026673287526861600e+01
1.063183735048470879e+01
1.026656772610831148e+01
8.946078549328214891e+00
1.112531085662223873e+01
9.102105720658848043e+00
1.020675347444007564e+01
9.026983606402527727e+00
8.036208149358905928e+00
1.000606866624582025e+01
1.006735356469482490e+01
9.702877439440060314e+00
1.005638689724284340e+01
9.131907511693519552e+00
9.042853562541242951e+00
9.612228301378086925e+00
1.168959520926656737e+01
1.059513294125132532e+01
9.260326645902436482e+00
1.033903160484742401e+01
9.301953739556790168e+00
9.323057612861694210e+00
1.063960240826467540e+01
9.255053754844366765e+00
8.104683765815405394e+00
8.873823699425672729e+00
9.868733606202006570e+00
9.908326221116102062e+00
1.102193491815853932e+01
9.064292602482581174e+00
1.051178413582010585e+01
1.020628514984978530e+01
9.631304627784498251e+00
1.061616230218197288e+01
1.027243730291379720e+01
8.918009913063126959e+00
1.085200232978279544e+01
8.559416480103866576e+00
9.839933833090329429e+00
9.782762561989235550e+00
1.020495412085985798e+01
9.054884919601487780e+00
9.745375014447910544e+00
9.639698372984081942e+00
1.077740676709365175e+01
8.984403706776610932e+00
9.853063929151435474e+00
9.519077915327981643e+00
8.482271762330517717e+00
1.245643086765369034e+01
9.709099372839439468e+00
8.293660329079239446e+00
1.118894535884895980e+01
8.709732900847496850e+00
1.015118837203026025e+01
1.064315049496276622e+01
9.131886377223942475e+00
9.349428344614398867e+00
9.240048136209447094e+00
9.650957390248946055e+00
8.157857229530382170e+00
8.544681775893877784e+00
9.639531957815377083e+00
1.081927051735445566e+01
1.041206257742908825e+01
1.150973582921029781e+01
1.047437067206942451e+01
9.269189407447086637e+00
9.657474994386960887e+00
7.749924846221702524e+00
8.819543289786066609e+00
8.759959121196015275e+00
1.005091182497066526e+01
1.042814819740985754e+01
9.219944981115839155e+00
9.191816780320571922e+00
8.233762577188922904e+00
9.652556342114140264e+00
1.002848642714682370e+01
1.022609935865314412e+01
8.997609356552537463e+00
1.176880807981055099e+01
1.097537673597127572e+01
9.685080801299376319e+00
9.253130620666039974e+00
9.458733706907816341e+00
9.931448771652991780e+00
9.761690684443040666e+00
1.026384718740830770e+01
1.054928355769168746e+01
1.114656124355891897e+01
1.092758319311261062e+01
9.670089244598077727e+00
1.016856881428489601e+01
9.393191218822037669e+00
9.193098087671689456e+00
1.169114525135636562e+01
9.320472249781902363e+00
1.177105621232224664e+01
9.431283007017469799e+00
1.003314349122154958e+01
1.086972794818630028e+01
9.804240421808914974e+00
1.017344368125806753e+01
9.538933600190643958e+00
9.304793542186752475e+00
9.614541376868562139e+00
9.130600979252976757e+00
1.141170135395859475e+01
9.612619797233536545e+00
1.150298759784669933e+01
7.095209722200374713e+00
9.798739194714652712e+00
1.034227007242208707e+01
9.486497162162390140e+00
1.087497147919875395e+01
1.042001075520311559e+01
9.505718279678097460e+00
1.021532765817174493e+01
1.259219677500587409e+01
1.003231352668322707e+01
1.007982073120696320e+01
9.340327088772035324e+00
9.913815441022807207e+00
8.491057206188269646e+00
9.582028143337035786e+00
1.223790602629085100e+01
1.084753395073630600e+01
1.042173905559404901e+01
1.088424006460499704e+01
1.166207339110748542e+01
1.037390651479112158e+01
1.185119692577608674e+01
1.085011675845699308e+01
9.946837910018267337e+00
1.149979495528863715e+01
7.421103661987222821e+00
9.208969438071225255e+00
1.004610544674800643e+01
8.868227486866114617e+00
9.624259997170501180e+00
9.141527503622363326e+00
9.125903188414334011e+00
1.249224473453000606e+01
1.040779228907337917e+01
9.726370550809512849e+00
1.109548562427488072e+01
9.542980924468908555e+00
1.066565807517079101e+01
1.013113424096254889e+01
1.140689200495871525e+01
8.360447093671817598e+00
1.054603947202379288e+01
9.902568145365057362e+00
8.622935024335760090e+00
1.084573858158266546e+01
8.907942738670570293e+00
1.139955688459698457e+01
1.029341140840250723e+01
1.047580238308556311e+01
9.860775788247231333e+00
1.068484688675873251e+01
7.914667227515161940e+00
9.855046193949938527e+00
9.152067593195900130e+00
1.006297870737654421e+01
9.733161493346848658e+00
1.039689628331568549e+01
8.942686953237860337e+00
1.161947028718731900e+01
1.209617699725045270e+01
9.572034981917250107e+00
9.765345214182376665e+00
1.006787605036635647e+01
1.104440415037766243e+01
1.167721935580363635e+01
8.574515609191486476e+00
9.165209835585487852e+00
8.718162276572170910e+00
8.667537249561171109e+00
8.141022152683017765e+00
1.014312188621713595e+01
8.621281934978794581e+00
1.128358035270548676e+01
1.068863711634046965e+01
8.750608874686722771e+00
8.750109782293442606e+00
9.167933982315886965e+00
1.118028389602186579e+01
8.930711040286988478e+00
8.286768732210962440e+00
9.730894514744662160e+00
1.015370834400136246e+01
9.123060914917189734e+00
1.139974920664070623e+01
1.002077518041458859e+01
1.023335618677487524e+01
8.924785679016734363e+00
9.740588561404910806e+00
9.623799585771918075e+00
7.508074285379144008e+00
1.006797562871086171e+01
7.985511364677678081e+00
9.751532754387842061e+00
8.306375573181760785e+00
1.179996904209535558e+01
1.010658067294865603e+01
1.064167601388377449e+01
1.069932653104524611e+01
8.455829702705138118e+00
7.498526085039463496e+00
9.450740247155636098e+00
1.067746814718636728e+01
9.871352911577334410e+00
1.056575064707709188e+01
1.071695097301020816e+01
8.287921298979370022e+00
1.006800212371844694e+01
1.174679302791533786e+01
9.209786104897052184e+00
7.751246274261915481e+00
9.548413846802395355e+00
9.315649678851100290e+00
1.019869942261867202e+01
8.887912065336575296e+00
9.871035173028646525e+00
7.562900788963348830e+00
1.063428177165638822e+01
1.136718494306628102e+01
1.107819601385845765e+01
8.265102741572205147e+00
1.009951457587560419e+01
6.796348195118037339e+00
1.006350432178049026e+01
9.715958228110780581e+00
8.784524155542483115e+00
1.012411291849829986e+01
9.918333055008037746e+00
1.071982125419542164e+01
9.907626924239558264e+00
1.001534541286442348e+01
7.835246137826257673e+00
8.620595449009892164e+00
9.304419013090472035e+00
1.007716293077017511e+01
9.774019621042665307e+00
1.128120875690103198e+01
8.910159209962342786e+00
9.540686326534530082e+00
1.003539909478278247e+01
9.548820990373293682e+00
1.027589879517689120e+01
9.209755575995128396e+00
1.120066070515929724e+01
9.460728259067108681e+00
1.089626358458182409e+01
9.750015032798886594e+00
1.127184074632786093e+01
8.382202389162307199e+00
1.029711595410331881e+01
9.347742023850122095e+00
1.001171916102148529e+01
1.097312356555487156e+01
8.641221601188552981e+00
8.458288665273025586e+00
8.781951521380213066e+00
1.003470597430211342e+01
7.893481474639195916e+00
9.876912134376432562e+00
8.494089072372625893e+00
8.636596573662874476e+00
9.411140654816602336e+00
1.016091598458030276e+01
9.153903896514123062e+00
9.288274506857572277e+00
9.738474171819177627e+00
9.507582863863873968e+00
7.103797034959485224e+00
9.350217792922988380e+00
9.865282457820891082e+00
1.087809788754063156e+01
1.182665117636476104e+01
1.044730624959169774e+01
9.859410592711059351e+00
8.815554932690542245e+00
9.869371770798071708e+00
1.055921530228024530e+01
1.104496331151925581e+01
8.899807065948598606e+00
1.001672399563095084e+01
1.059592286598938671e+01
1.164113006917609461e+01
1.003590888573524609e+01
9.238814683912298875e+00
9.090718742909384531e+00
9.422877671271566058e+00
9.128398196070058646e+00
1.060685424820364808e+01
1.084962412253069886e+01
1.050517522229149492e+01
1.097250464306913997e+01
9.326549861701820987e+00
1.016065345868095271e+01
9.395655224369484415e+00
9.823977088253091239e+00
1.100530414246897237e+01
9.750583088180334812e+00
7.915512602345337712e+00
9.527502412383134001e+00
9.067468604312720615e+00
8.271401280207571816e+00
8.989952710814606007e+00
1.074094320329985486e+01
1.146122904890528638e+01
9.291312358233822621e+00
1.078285423676328492e+01
1.095854050147241843e+01
8.620526132128640384e+00
9.740955695252822011e+00
9.735858229126380436e+00
9.952704078831422052e+00
8.186567589618130469e+00
9.431176160874409575e+00
1.083813960706228841e+01
1.104252159917347065e+01
1.161168048101857586e+01
9.442809354482749384e+00
1.164982595629672701e+01
1.044622351168986540e+01
8.421117232275824094e+00
1.054192768205385633e+01
9.428038365749122462e+00
1.029939466412261773e+01
9.677794457453247290e+00
1.098855704086765250e+01
1.003687855941980800e+01
9.497813381898705387e+00
1.074528416843845591e+01
1.003654017642276131e+01
9.367361999217328261e+00
1.105759276205584563e+01
9.371973157549291500e+00
9.143183536938911615e+00
9.240743787967703682e+00
8.314846311901485265e+00
9.227111230522297092e+00
1.164119609203785544e+01
8.872034464759160244e+00
9.788737303741827489e+00
8.672135050461349692e+00
9.168965248224198561e+00
1.129901055894967321e+01
1.067667413589446923e+01
9.170068049757931661e+00
9.786538516083705730e+00
8.954314438102422002e+00
8.996113047741999935e+00
8.865496201961425626e+00
8.883178623099759363e+00
1.010626767311817531e+01
1.037711156675239899e+01
1.026856089263641891e+01
9.610881543136589045e+00
8.422273199642908992e+00
9.713207928360848342e+00
8.856024658162176877e+00
1.066161953251948269e+01
1.033676134461955520e+01
1.052720993070811062e+01
9.431950083527151918e+00
7.969299226471357578e+00
1.073821479358549347e+01
1.100663973494329362e+01
8.297001791554089678e+00
9.918234444231796232e+00
1.097357097916176016e+01
8.704594850386360605e+00
1.154800117586988861e+01
9.431285943479275957e+00
8.704928289647972051e+00
1.115197644092970108e+01
1.007485053651019591e+01
9.127180238430668169e+00
1.066010635289140218e+01
7.824551271630297400e+00
1.159562477682674597e+01
8.964068339649550410e+00
1.006630267306966076e+01
9.381702229744547594e+00
1.021655051475859644e+01
1.066824412282030465e+01
8.956432295024937318e+00
1.056668131788352305e+01
9.486285152310825808e+00
9.092458890165916685e+00
9.556274792793871597e+00
8.775709794611913139e+00
8.984650826867740747e+00
1.072945223985603391e+01
9.629495357623342855e+00
1.092185149791053789e+01
1.021207539432843703e+01
8.754350103647519532e+00
7.882446972383867489e+00
9.093076581911363476e+00
1.004444488937636493e+01
9.789131319913161988e+00
8.950222779387045691e+00
1.079313070025644450e+01
8.034594895695510886e+00
8.521671812814012981e+00
9.907613502346242385e+00
1.197408155269799401e+01
1.019425252821599592e+01
8.775078740352615370e+00
1.037297553999405153e+01
1.046371497425589858e+01
1.071817532753110846e+01
9.370453866122817388e+00
8.980591960723526057e+00
9.898535679350951355e+00
1.019559327908477719e+01
1.137855364787803047e+01
1.186996727486208414e+01
9.047248466231604169e+00
9.257346773001009055e+00
9.716745319409518800e+00
9.530546293405505409e+00
1.026610857717023961e+01
1.026605560509466031e+01
1.003821538382528189e+01
1.112438969103079245e+01
9.621807475580292035e+00
8.729510460843654229e+00
8.219717172922660353e+00
8.752178525348318416e+00
8.736060478836209953e+00
7.896894569249955254e+00
1.044350616983907010e+01
9.965586235278284022e+00
9.357525672557192919e+00
8.890429420952557393e+00
8.199373023687426709e+00
8.860598803226945819e+00
1.162822745661850732e+01
7.569526760421435796e+00
9.922128917383496116e+00
1.052395537075019050e+01
9.916450629717600052e+00
9.463513479186270061e+00
1.054839234334912312e+01
8.676990140119846373e+00
1.033586339536900311e+01
1.121101577170893115e+01
8.738944013498850083e+00
8.960484993572098489e+00
9.916258775232597245e+00
1.076989119581155663e+01
1.111946669675261923e+01
1.046094535351790356e+01
9.110815626128788480e+00
8.665905687932317747e+00
1.002329697604063163e+01
1.017857602691671381e+01
8.679766088805408231e+00
9.840108885373643588e+00
1.011255586535509288e+01
1.082538239323228524e+01
8.789755696394093931e+00
1.033728292825870909e+01
8.611042602811965097e+00
9.353732420582467455e+00
9.702041651443328973e+00
1.129823465789776193e+01
1.309462263921802716e+01
1.003386407530429558e+01
1.027560989632923771e+01
1.078786001471023326e+01
8.418662176854645907e+00
1.054598180173077360e+01
8.538578539631103581e+00
1.140943037330349341e+01
1.122381016493187822e+01
1.028185808327345896e+01
8.973619885814521524e+00
1.144834367088258453e+01
1.004000677470163438e+01
9.890561942423852670e+00
1.035986174669497473e+01
8.067971828914114241e+00
1.020881782251590941e+01
1.077642655290791396e+01
1.011931938162524602e+01
9.925577145479330454e+00
8.826660283872580948e+00
1.042387322900220070e+01
9.980787347072640259e+00
9.789382186618309944e+00
9.217113481215809756e+00
1.063648951004839915e+01
1.102750276969046439e+01
1.016846457419599759e+01
1.067706747240990062e+01
1.110634169734177235e+01
1.136847954524556137e+01
1.000596855045214184e+01
9.566990379034679748e+00
9.365372531506702458e+00
9.794065412349089783e+00
1.033228480822875639e+01
1.071850033512689926e+01
9.353576379005128061e+00
9.930175956561091866e+00
8.783738382891655760e+00
1.104428240710604747e+01
9.388857347222099747e+00
1.013823952797148209e+01
9.060948337470684066e+00
9.482042359331774861e+00
9.094322295873711326e+00
1.148528495762391977e+01
1.013968214191408101e+01
9.613873734950798777e+00
8.832676084180507203e+00
9.170018685103626055e+00
1.034902346239159776e+01
1.144624341801190859e+01
8.349429569570276044e+00
8.863271840998686812e+00
9.604530237907102475e+00
9.152051048720382553e+00
8.121136331271650022e+00
9.799628149665402077e+00
1.053136095103419301e+01
8.203207040421327534e+00
9.991278176674596168e+00
1.074499130855337192e+01
1.076064572756804871e+01
9.360447706482002417e+00
1.208506744593329074e+01
1.033543180478993939e+01
8.969252181750253072e+00
1.076461733989556890e+01
8.657730431281018824e+00
1.067558785346124139e+01
8.518264055864854356e+00
1.057086097343407793e+01
9.196756632378706442e+00
1.091260646266693435e+01
1.052099581453828492e+01
1.022752631933334122e+01
9.838950833962304188e+00
1.086733465709568236e+01
7.976976487077178213e+00
1.021287273731835121e+01
1.019375110131750262e+01
1.034246829247326183e+01
1.060654722206605349e+01
1.348277663759986211e+01
9.897101068153482117e+00
1.058481793422086525e+01
9.932686896893711648e+00
1.135298646794561606e+01
7.759507918131994586e+00
1.147826592918285549e+01
9.096511983282503877e+00
7.518077107121255764e+00
8.702132822649252475e+00
9.605799062297656121e+00
9.974563648510299529e+00
9.734427038030503354e+00
1.059713612393436577e+01
9.745141413655000306e+00
9.717120798761243350e+00
7.636802873062208619e+00
1.026766246697339824e+01
1.079056010111301411e+01
9.359645570534675940e+00
7.903234100791337369e+00
8.443812909429931679e+00
1.145388003830857215e+01
9.174111154741446228e+00
9.115734516448833702e+00
8.960867307926125847e+00
1.046120251732590134e+01
9.192474847021651740e+00
8.911286484086563320e+00
8.273955615082016379e+00
9.672519418589342166e+00
1.078126607196844944e+01
9.632385517009632636e+00
1.066253808223909871e+01
9.955744787444540833e+00
9.928155274546153208e+00
9.959291309330602360e+00
9.814759815083730743e+00
1.080652341842495545e+01
1.026817130205325768e+01
9.202207720677712643e+00
9.908938446691431423e+00
9.704353765303014967e+00
1.026525037946972319e+01
9.960635050914973476e+00
1.019489633846752952e+01
8.302996555431937153e+00
1.015990956375467569e+01
1.109393045848427128e+01
8.430124455648916992e+00
1.138125094108908364e+01
1.007739111881225647e+01
9.572569897929660954e+00
7.975830250822182776e+00
1.086791542009577682e+01
8.810768861997097190e+00
9.269127627795665347e+00
1.032622266674908751e+01
8.754738533778233744e+00
8.793485000576659161e+00
8.629038076082249376e+00
9.668958216359735403e+00
1.036885482064749553e+01
1.018332446229926802e+01
1.018772120652116442e+01
9.436138157810482596e+00
9.920787817213522430e+00
9.090277651368916523e+00
1.177799371327454558e+01
9.975045554481599908e+00
7.825333034311282354e+00
8.711010603546634812e+00
1.138162121147412265e+01
8.413831112374351662e+00
9.342623609178987820e+00
1.018394411523332899e+01
8.683694717638687166e+00
1.084692309716413483e+01
1.145940187953610057e+01
8.955579226021477268e+00
1.090961405585779609e+01
8.889095388591705671e+00
8.782368490628011060e+00
1.002600348848465828e+01
1.001824974389310441e+01
9.184282998649557328e+00
1.062234264243715387e+01
8.311136753936523291e+00
8.924652459298600959e+00
8.702449011024949499e+00
1.053868206798859752e+01
1.058422060452763525e+01
1.044725884573876762e+01
8.484717928896628791e+00
9.913086532311291776e+00
1.023797191370836046e+01
8.163338421454991334e+00
8.958625296953210082e+00
1.042618074256897565e+01
1.048397256009353562e+01
1.003555319555359482e+01
1.032239407491353411e+01
1.010441445637338376e+01
9.930237117348351461e+00
9.671061540604336315e+00
8.908886170802153615e+00
9.534770079528790632e+00
9.377403455354830442e+00
1.209809310762850920e+01
1.004055912541187112e+01
9.769623267658083421e+00
9.548340900413910148e+00
9.665113329597209813e+00
9.508051487786833178e+00
1.032502340852822087e+01
9.750873574769544305e+00
1.059139810059274289e+01
9.085142306530000766e+00
1.013055298831129036e+01
1.065747460407023794e+01
8.626059413936076226e+00
9.948088398614068240e+00
1.002738584822210122e+01
9.445571128336050393e+00
9.293157423560019836e+00
7.925408293059804876e+00
1.092913966263467174e+01
8.847394613368159355e+00
8.539947862415806057e+00
1.043823187177164691e+01
7.948043710646847337e+00
1.074358952521287236e+01
1.021453752513259161e+01
1.037840801679790381e+01
9.616317562452094236e+00
8.562971826268272579e+00
7.891555420671809706e+00
1.123713042328647660e+01
9.308377453138620083e+00
9.263637249746349056e+00
1.136248115603423514e+01
9.148915925837352248e+00
9.542358715014197301e+00
9.543319960742262964e+00
9.642858655453716565e+00
8.740876534852999313e+00
9.220104693892196224e+00
1.106580744627211566e+01
1.054141153411878840e+01
6.803193087715184717e+00
7.821786760655478510e+00
1.011395517326200455e+01
9.667364111781902025e+00
9.405791963776259479e+00
1.082305770072973417e+01
7.996059074356496765e+00
1.097991044753098677e+01
9.911909323632675850e+00
1.032872446724789839e+01
1.003368829898937342e+01
1.062645908642782722e+01
9.529986607836196555e+00
9.238060368150765811e+00
1.056188973442832335e+01
9.955421185690193298e+00
8.526029911307956510e+00
1.112993257478634490e+01
1.099108290293253276e+01
1.122175627922688257e+01
9.860015391173996946e+00
1.013085114090874939e+01
9.398776018536656451e+00
8.807489088003960021e+00
9.845790457210073399e+00
9.956826900322624851e+00
9.117556983452789865e+00
1.161001320931767111e+01
8.164403640163261144e+00
8.964973696025392513e+00
9.108947186564588350e+00
1.107152379516993435e+01
9.523727915526732701e+00
9.455380115131212904e+00
8.894827120399838805e+00
9.015823090116347416e+00
8.475698529128820269e+00
1.079585561225169421e+01
1.038920896039004127e+01
1.077035239171960868e+01
9.117958558731629637e+00
1.229223527792442461e+01
8.799006303150987307e+00
7.726504727842539388e+00
9.488208545086585843e+00
9.917437773494397035e+00
1.053665903982363616e+01
8.762887705126678028e+00
1.037117362444437951e+01
1.148817079364819449e+01
8.928393632000643620e+00
9.040152004661646146e+00
8.077458020809384465e+00
1.002125939460295889e+01
1.063773216751360451e+01
1.054725905714503398e+01
1.061394156545245337e+01
1.119646534177725172e+01
9.907760875456204985e+00
1.073309037529713450e+01
8.828701185824584741e+00
8.989411871393745201e+00
1.002118458132875389e+01
8.962296701463271731e+00
1.035202161316029823e+01
1.115536979723174582e+01
1.018385466523742444e+01
9.042886849990457776e+00
9.031842544735379619e+00
1.114568490894700936e+01
8.982182580803678817e+00
9.869635712949088813e+00
9.521423544328289523e+00
9.833339816826137891e+00
1.087668778975518791e+01
9.241525289484798122e+00
8.369925547224768891e+00
1.123205455138907816e+01
1.000333255337863037e+01
1.050604753215648479e+01
9.760940316362450631e+00
1.055794146517632015e+01
1.104505596495469710e+01
1.114664472002679396e+01
9.506864325220274026e+00
9.428166077801471090e+00
1.017518663543270563e+01
9.987489939887423063e+00
1.034611467980609234e+01
9.069379688552940522e+00
7.455619569323413742e+00
1.023033827007766128e+01
1.056156402134132577e+01
1.042333360459293523e+01
1.143976130873272368e+01
1.063254724193046563e+01
9.391985028090545029e+00
1.076574430603159627e+01
9.695383646797635535e+00
1.103560339507431287e+01
1.001830619096048025e+01
1.023382903565752855e+01
1.000804215229445937e+01
9.834823436478657754e+00
8.283745695856183033e+00
9.838058373274012780e+00
7.507770129033877637e+00
1.027812140075639391e+01
1.077223731641045568e+01
1.183142168226127566e+01
1.015439480497189528e+01
9.063821918861654225e+00
8.190741810799831768e+00
1.172808855621704893e+01
8.354048134965388783e+00
1.067584180343113687e+01
7.474048901326430183e+00
9.728829030796692479e+00
1.046354191123404043e+01
1.010555420037267993e+01
9.738777958721449579e+00
8.955609495704797141e+00
8.873652231857661832e+00
1.078894697044168716e+01
1.021604833771277931e+01
9.619729971676749258e+00
9.987145238606892406e+00
8.853616026953835316e+00
1.080260926620002593e+01
1.104129276942836313e+01
9.000467644602586859e+00
9.882339287076227663e+00
1.082856570208399205e+01
9.138489869177414349e+00
1.181489517962254610e+01
1.129094735736535426e+01
9.501442452449298415e+00
1.075909051779557224e+01
1.144251488481303802e+01
8.536227944373461440e+00
1.039954260946303499e+01
9.635968213405085692e+00
9.563781951691471050e+00
1.049062498702560831e+01
9.303241172517651592e+00
8.380565994830821097e+00
8.358156036620945528e+00
9.760583063915992952e+00
1.040921972240524873e+01
9.756441829779205932e+00
9.627722984863545719e+00
9.749521978941956490e+00
1.106963135860942415e+01
1.031077173115006396e+01
9.034407352861267171e+00
9.491533743775162790e+00
1.098500745428285796e+01
9.200016237825414223e+00
9.385582524881179722e+00
9.755254133573663111e+00
8.715407533814055085e+00
1.068268644964462766e+01
7.590844527653318075e+00
1.123169050633179289e+01
9.345160037350964899e+00
8.523736783311475662e+00
1.006258188089585026e+01
8.069094797205863756e+00
1.031766874150266844e+01
1.055394239881641383e+01
9.204408054243973680e+00
9.391422957296503782e+00
1.072906319474997971e+01
9.109573677748601384e+00
9.802820727083611629e+00
1.012793492142725782e+01
1.134027824415910679e+01
9.277243180468914829e+00
