2.894314236715159083e+00 1.003468126349311637e-02
2.218254925255994880e+00 1.113200740940496411e-02
2.048248734036004493e+00 7.443273467771903060e-03
1.068253648317754489e+00 9.731042689733727241e-03
1.861305898742800391e+00 8.090379673109774489e-03
1.822620510365506652e+00 8.159925953296578993e-03
1.958629259258770183e+00 1.195697012082246394e-02
1.686499661588076293e+00 1.021127980750382788e-02
1.978090915512035863e+00 1.148348699997682291e-02
1.761390984820248695e+00 9.758589925582974653e-03
1.343067623318658921e+00 1.054045273239517973e-02
2.442311190249792485e+00 9.568333229362518608e-03
2.440659021103765092e+00 9.453048553210299104e-03
2.854786531826474238e+00 9.925361423876217712e-03
2.025016821088430063e+00 1.012833227228356406e-02
1.797661292699554547e+00 1.153326943766152905e-02
1.727320026190234836e+00 9.803171993927087616e-03
1.226761342208515959e+00 1.037983922585678301e-02
2.491183717129080044e+00 9.743076628648192350e-03
1.449466184944262270e+00 1.014486810097479236e-02
1.407476736489913449e+00 8.688823294925073978e-03
1.897175050288729459e+00 1.109142226388770344e-02
2.743074177537295100e+00 9.479123862956911548e-03
2.118358133613456040e+00 1.004153347767162627e-02
1.488107430036766043e+00 9.785849502584143683e-03
1.643503399943975207e+00 1.098464787758518350e-02
2.312622483081414604e+00 1.052166434086376778e-02
1.919743318406538002e+00 1.001299320277797972e-02
1.615581824840385039e+00 1.017500061910929336e-02
1.884984638861030515e+00 1.034343944486038752e-02
2.372528133202685297e+00 1.075654462439429131e-02
2.988055391563151364e+00 1.050695961021639972e-02
1.377938335522031377e+00 1.128520704205168874e-02
1.686791544405815468e+00 1.161842451251461454e-02
1.598116952711711836e+00 1.061441535138485728e-02
7.904584134106651394e-01 8.677391022356132147e-03
1.538103989152105777e+00 1.174784120466185709e-02
1.488062119578581033e+00 1.214990956669752785e-02
2.561988979478734052e+00 9.635899686935865682e-03
1.934042883599549567e+00 9.586000744564275589e-03
1.188357277082376484e+00 7.941104505235524469e-03
2.323337726135086267e+00 1.077924298719466593e-02
1.821864620276627544e+00 8.992141182734820701e-03
1.128429481523270717e+00 1.182947226181053565e-02
1.701675179157900342e+00 7.522712116010233513e-03
1.705702810155878435e+00 1.007239694486037999e-02
1.563058851118850345e+00 1.067448232870573180e-02
2.014856907680508513e+00 9.597712749077384753e-03
8.758711162116969984e-01 9.204538886082226645e-03
1.866119067576971879e+00 1.024923351556020212e-02
2.506591720943247115e+00 9.472409827807115601e-03
2.426398920477074839e+00 9.656735137413125641e-03
2.554093749967496052e+00 9.960620165837425280e-03
2.559695327659445852e+00 9.442685219427114640e-03
2.743771565996270034e+00 9.771990491532722006e-03
1.440849657799817551e+00 1.078685348864269651e-02
2.422916703528590787e+00 9.608963858045799222e-03
1.069555235528943271e+00 1.016593470959171151e-02
1.698557447996390746e+00 9.244221860988964534e-03
1.042763978297092997e+00 1.091326798291586582e-02
2.524073756123127676e+00 8.712991608140293123e-03
2.666868909721243242e+00 1.095644029666559272e-02
1.901292660420875080e+00 6.972951995764411701e-03
2.887322515702967607e+00 9.088824464813972590e-03
1.662636244844143185e+00 8.410185516246901707e-03
2.075308432682511306e+00 1.101375310254921330e-02
2.076472851381240936e+00 1.026852421337697170e-02
1.467902363031737822e+00 8.687849525678815674e-03
2.218973305640040916e+00 9.425268086149428404e-03
2.969489230200247132e+00 1.133674515896028814e-02
1.487534562695956630e+00 9.932568473041985049e-03
2.449669222920407119e+00 1.055087402808812733e-02
1.922746574050356205e+00 8.479025821248386413e-03
2.884813651646871424e+00 8.480697373133366801e-03
2.241894173800265122e+00 1.055533116611698935e-02
2.338108199931530962e+00 1.228854296718675035e-02
2.321581640297859295e+00 9.441050117147338147e-03
2.124543353362917220e+00 1.057038395643430766e-02
1.302118248679662527e+00 9.033224208070303463e-03
2.695831453872403749e+00 1.122811571341414232e-02
1.314665493723991663e+00 9.521153045770872417e-03
2.119281596202950535e+00 9.539608670911473715e-03
2.307038543877046877e+00 8.081711468007783672e-03
1.581043863648853076e+00 9.557556628518650357e-03
2.072531607051764091e+00 1.015791912305221388e-02
2.583941143150820796e+00 1.134910637168976694e-02
1.987947764964385078e+00 8.795549693320473678e-03
1.555671291073525531e+00 1.095040570991980856e-02
5.421311241036439466e-01 9.625293299619934809e-03
1.514079748713695217e+00 9.679265802648556391e-03
1.704460630757062223e+00 9.017935047499916687e-03
1.741791316105762988e+00 8.263039802559404151e-03
1.520001909886391722e+00 8.749122843508672434e-03
2.188647617056600048e+00 1.158674589154009074e-02
1.712645789753647563e+00 8.768066798702811929e-03
1.945272833059695783e+00 9.521967390301781450e-03
2.339535799912753511e+00 1.106143993242529079e-02
1.572281415670059301e+00 7.840362076215738607e-03
1.849896962740224637e+00 1.039598549561796675e-02
3.079074671028459331e+00 9.437995506911375093e-03
2.437142861305260144e+00 1.013463965067588207e-02
1.353231684039107874e+00 1.081286713189760253e-02
1.960129530907214201e+00 9.794486261055621382e-03
2.282242759147298461e+00 9.749664720321892311e-03
2.616735522226578237e+00 1.067260531286440620e-02
2.074493197340495421e+00 1.058445454680153122e-02
1.734708927822447677e+00 9.227073622755994908e-03
1.634736678153335010e+00 9.758859712898311500e-03
2.322530992491954382e+00 8.602613355585790253e-03
2.156530187012053013e+00 1.123833312984881712e-02
1.741676037600925042e+00 8.735883146065602164e-03
1.905464166782143698e+00 1.013324181222965623e-02
1.791900992434926065e+00 1.169308868854393099e-02
2.362328829119725082e+00 1.075383167511990805e-02
1.655019661343067217e+00 9.658678155248576550e-03
2.243207237634307738e+00 9.222309924128146985e-03
2.425759475242354135e+00 9.325192107617260098e-03
2.243124663054155477e+00 1.087288064225502490e-02
1.582880074664107628e+00 1.029655312107891595e-02
2.672496228311119104e+00 9.953763784231108025e-03
1.660893660329424204e+00 1.256686854369735637e-02
2.213217537220037556e+00 9.128285588521054678e-03
1.623332603201263824e+00 9.474438784646150094e-03
1.127944874679453147e+00 9.589985754731284937e-03
2.112875133122909865e+00 1.018331212606736307e-02
2.143517582347412187e+00 1.027629117125954984e-02
1.961279519720030340e+00 9.694836343542415080e-03
2.138034248621421440e+00 1.070461103655389115e-02
1.675794555846759071e+00 1.050728565983567210e-02
1.631267581270620770e+00 9.664193760542708414e-03
1.915954950689042757e+00 7.511009321922813842e-03
2.954638404633282978e+00 1.075284711325876982e-02
2.407407270625662399e+00 9.007569456093324559e-03
1.740004122951218202e+00 9.300373932349304332e-03
2.279356602423711742e+00 9.805155743821274833e-03
1.760817669778394823e+00 8.707897652933312485e-03
1.771369606430846622e+00 9.133039859506543109e-03
2.429642004132337885e+00 1.000050766095752011e-02
1.737367677422183121e+00 9.582135641608775095e-03
1.162182682907702436e+00 1.023877757721720037e-02
1.546752649712835881e+00 9.059351862760184684e-03
2.044207603101003023e+00 9.682056570730833769e-03
2.064003910558050325e+00 8.851213387523110959e-03
2.620808259079269842e+00 9.625437959316978861e-03
1.641987101241290326e+00 1.019747109082105863e-02
2.365732867910052661e+00 9.664239554118655290e-03
2.212983374924891944e+00 8.477264188042329951e-03
1.925493113892249086e+00 9.720042301689324482e-03
2.417921951090986621e+00 1.005818992599669115e-02
2.246059451456898337e+00 1.104328943069788835e-02
1.568845756531563218e+00 9.870901373739700280e-03
2.535841964891397016e+00 9.501949813967959860e-03
1.389549040051933471e+00 8.742843310772551932e-03
2.029807716545164897e+00 1.190492950514533688e-02
2.001222080994617514e+00 8.965227009693122265e-03
2.212317860429928285e+00 8.786953535148543659e-03
1.637283259800743851e+00 9.764626602249365170e-03
1.982528307223954789e+00 8.093253609692279207e-03
1.929689986492040932e+00 1.098998675424102747e-02
2.498544183546825614e+00 1.009992031880757590e-02
1.602042653388304760e+00 1.040736922803498984e-02
2.036372764575717476e+00 8.940253173549727109e-03
1.869379757663990782e+00 9.411946515214921968e-03
1.350976681165258819e+00 1.077891967245678609e-02
3.338056233826844466e+00 1.082711326282223031e-02
1.964390486419719473e+00 1.276020544713761182e-02
1.256670964539619462e+00 1.102526737601175304e-02
2.704313479424480082e+00 8.036170470804314403e-03
1.464707250423748386e+00 1.001793030810129229e-02
2.185434986015129866e+00 9.569047325407989413e-03
2.431416047481383291e+00 1.102778562908178668e-02
1.675783988611970976e+00 9.845438791516711308e-03
1.784554972307199172e+00 1.042577846289341817e-02
1.729864868104723064e+00 9.618708128943853977e-03
1.935319495124472988e+00 1.054845621596399094e-02
1.188769414765190824e+00 1.140231785533612346e-02
1.382181687946938631e+00 9.328550075797218885e-03
1.929606778907688058e+00 7.904715040051865996e-03
2.519476058677227570e+00 8.908732062713775948e-03
2.315872088714543420e+00 1.150550462270287684e-02
2.864708714605148643e+00 1.016596051296745143e-02
2.347026136034711996e+00 9.649209715903408341e-03
1.744435503723543057e+00 8.981657556098946935e-03
1.938578297193480404e+00 1.099504945700327703e-02
9.848032231108510004e-01 1.023387853977693503e-02
1.519612444893033043e+00 9.833520021646139850e-03
1.489820360598007376e+00 9.405048089937646794e-03
2.135296712485332371e+00 9.791222055011331027e-03
2.323914898704928955e+00 9.626997513770219062e-03
1.719813290557919094e+00 1.051938080207198874e-02
1.705749190160285478e+00 1.122089150797154176e-02
1.226722088594461191e+00 7.988405442300611572e-03
1.936118971057070315e+00 8.495287663735329522e-03
2.124084013573411589e+00 9.850063818726651627e-03
2.222890479326571356e+00 1.002727024295059152e-02
1.608645478276268026e+00 8.395628373917128628e-03
2.994244839905275679e+00 9.325691058367297642e-03
2.597529167985638043e+00 9.544385639039964023e-03
1.952381200649687898e+00 9.502636462217661784e-03
1.736406110333019948e+00 9.481967960827043795e-03
1.839207653453908353e+00 9.859717054711577763e-03
2.075565185826495629e+00 1.083003467681710637e-02
1.990686142221520516e+00 1.068623499962642609e-02
2.241764393704153591e+00 1.053873112007478255e-02
2.384482578845843470e+00 1.022127115755015400e-02
2.683121421779459226e+00 9.229615335624758929e-03
2.573632396556305491e+00 9.462336294123437422e-03
1.944885422299038158e+00 1.063884163551349557e-02
2.194125207142447298e+00 1.006055850566236858e-02
1.806436409411018573e+00 1.074565703185733495e-02
1.706389843835844022e+00 1.021174927944645469e-02
2.955413425678182993e+00 1.000753668540923548e-02
1.770076924890950476e+00 1.038789741540733190e-02
2.995368906161122613e+00 8.406789032044829912e-03
1.825482303508734860e+00 9.787357145375404424e-03
2.126412545610774973e+00 9.358536245967769354e-03
2.544704774093149435e+00 1.079192337581228768e-02
2.011961010904457225e+00 9.274775561214637989e-03
2.196562640629033503e+00 1.017852721478470189e-02
1.879307600095321940e+00 9.514388908041940610e-03
1.762237571093376198e+00 1.041786311497456055e-02
1.917111488434281030e+00 1.066011837509739900e-02
1.675141289626487673e+00 9.731374431148522366e-03
2.815691476979296670e+00 1.004397373756246194e-02
1.916150698616768011e+00 1.011434968248918487e-02
2.861334598923349404e+00 1.071192543467652802e-02
6.574456611001873174e-01 9.608753560216681464e-03
2.009210397357325650e+00 9.974913210711628883e-03
2.280975836211042829e+00 9.507180868944840185e-03
1.853089381081195031e+00 8.971853443600104686e-03
2.547326539599376716e+00 1.010661776077354662e-02
2.319846177601557535e+00 1.035582379352266089e-02
1.862699939839048691e+00 9.119139860952290427e-03
2.217504629085872203e+00 1.150339860035618292e-02
3.405939187502936782e+00 9.179032169064467450e-03
2.125997563341613272e+00 1.067298190947234618e-02
2.149751165603481784e+00 1.030103100572257735e-02
1.780004344386017401e+00 8.219869422606976631e-03
2.066748520511403342e+00 9.898651609210140298e-03
1.355369403094134340e+00 8.349610526702147539e-03
1.900854871668517854e+00 9.816531264612364874e-03
3.228793813145425240e+00 1.059894842528402714e-02
2.533607775368152293e+00 1.177085406852908245e-02
2.320710327797024242e+00 1.070783240202431881e-02
2.551960832302498261e+00 8.395131930995473543e-03
2.940877495553742449e+00 9.570579275051666404e-03
2.296794057395560529e+00 1.142457889079242193e-02
3.035439262888043110e+00 1.010273963254916009e-02
2.534899179228496724e+00 1.168981725093803242e-02
2.083259755009133407e+00 9.195490925991315484e-03
2.859738277644318316e+00 9.362878416255254049e-03
8.203926309936109273e-01 8.569058298670514592e-03
1.714325519035612144e+00 9.535911237538356386e-03
2.132893523374002509e+00 1.117799466973113873e-02
1.543954543433057269e+00 8.989985977728279232e-03
1.921970798585250328e+00 1.075523665520900299e-02
1.680604551811181624e+00 1.037872822090985664e-02
1.672792394207166744e+00 1.070872922442746636e-02
3.355963167265002767e+00 9.659924451759643871e-03
2.313736944536689322e+00 9.942384578697067987e-03
1.973026075404756163e+00 1.205881260288567403e-02
2.657583612137440099e+00 8.669453073367951179e-03
1.881331262234454016e+00 1.067972274379219884e-02
2.442669837585395687e+00 1.144171887929757228e-02
2.175407920481274182e+00 1.038012610766858058e-02
2.813286802479357362e+00 1.157626794845670673e-02
1.290064346835908538e+00 6.948686940320955574e-03
2.382860536011895736e+00 9.611146248491082844e-03
2.061124872682528864e+00 8.743807753833180915e-03
1.421308312167879784e+00 9.495662388656917613e-03
2.532710090791332913e+00 9.803789083050752293e-03
1.563812169335284885e+00 1.039335635577349690e-02
2.809619242298491582e+00 9.053535063758689008e-03
2.256546504201253800e+00 1.078392182150445487e-02
2.347741991542781292e+00 8.331548658396605717e-03
2.040228694123614961e+00 1.086956348815226389e-02
2.452264243379365993e+00 9.653292986519200480e-03
1.067174413757580931e+00 8.126662873717405491e-03
2.037363896974968558e+00 8.122055585934647576e-03
1.685874596597949804e+00 8.101190788464761663e-03
2.141330153688271398e+00 8.898365758847353105e-03
1.976421546673424068e+00 1.000935672207130256e-02
2.308288941657842930e+00 1.121224867563065664e-02
1.581184276618930351e+00 1.067656635517323649e-02
2.919575943593659240e+00 8.553430990916287280e-03
3.157929298625226089e+00 7.582410940244813796e-03
1.895858290958624570e+00 9.581378713861580729e-03
1.992513407091188293e+00 8.453476747572304106e-03
2.143778825183177972e+00 9.702288213905466141e-03
2.632042875188830955e+00 9.189463080130220313e-03
2.948450477901817912e+00 1.244832444067490822e-02
1.397098604595742533e+00 8.148613060217652776e-03
1.692445717792743665e+00 1.018656120729642331e-02
1.468921938286084972e+00 1.172866354798763645e-02
1.443609424780585293e+00 9.457390049980717028e-03
1.180351876341508621e+00 9.083291352512758848e-03
2.181401743108567715e+00 1.154765621688950798e-02
1.420481767489396585e+00 7.740072325706558697e-03
2.751630976352743119e+00 8.143675690499280542e-03
2.454159358170235006e+00 8.630068432432538850e-03
1.485145237343361568e+00 1.025954302958381574e-02
1.484895691146721042e+00 1.063531324859300770e-02
1.693807791157943221e+00 9.732806754490598566e-03
2.699982748010932632e+00 1.205034548674578133e-02
1.575196320143494422e+00 9.657187455542738316e-03
1.253225166105480737e+00 9.862559434076875048e-03
1.975288057372330597e+00 9.559164666924753473e-03
2.186694972000680526e+00 1.110392016383105439e-02
1.671371257458594606e+00 9.885121874662079061e-03
2.809715403320352411e+00 9.481125747523097211e-03
2.120228390207294034e+00 1.157448558416853540e-02
2.226518893387437359e+00 1.118260569702635154e-02
1.572233639508367142e+00 1.090079661050292678e-02
1.980135080702455364e+00 8.618509387233103114e-03
1.921740592885958554e+00 8.817511297153544925e-03
8.638779426895717428e-01 9.655833704495108902e-03
2.143828614355430595e+00 9.640799356148999424e-03
1.102596482338838779e+00 9.472243696480156516e-03
1.985607177193920769e+00 9.683057793270341898e-03
1.263028586590880575e+00 1.056302300993970308e-02
3.009825321047677082e+00 8.894281022445812979e-03
2.163131136474328198e+00 1.016347532396813177e-02
2.430678806941886982e+00 9.518987878462024932e-03
2.459504065522622795e+00 9.434895454956782751e-03
1.337755651352569242e+00 9.638110633636527008e-03
8.591038425197312645e-01 1.066982418297839422e-02
1.835210923577818232e+00 1.021061134841812386e-02
2.448574873593183376e+00 9.142055108393554175e-03
2.045517255788667388e+00 1.026869458253413213e-02
2.392716123538545236e+00 1.007637920184672846e-02
2.468316286505104262e+00 1.036092362434492924e-02
1.253801449489685194e+00 9.683611264588448328e-03
2.143841861859222764e+00 1.095702403156016691e-02
2.983237313957668224e+00 1.034204317937869287e-02
1.714733852448526275e+00 8.811142893921720606e-03
9.854639371309574791e-01 8.674029072295898202e-03
1.884047723401197416e+00 8.550813230791154407e-03
1.767665639425549662e+00 1.037088981764512641e-02
2.209190511309335747e+00 9.276593155583420791e-03
1.553796832668287831e+00 9.622568370808218946e-03
2.045358386514323445e+00 9.906094295275398587e-03
8.912911944816741538e-01 1.121364326781730189e-02
2.426981685828194291e+00 1.217773425158351526e-02
2.793433271533140694e+00 9.871367643221971161e-03
2.648938806929229006e+00 1.198952603286790319e-02
1.242392170786102090e+00 1.054025969078940285e-02
2.159598087937801836e+00 1.120158275735656621e-02
5.080148975590181859e-01 9.710808895809887667e-03
2.141592960890244868e+00 8.745323468662500460e-03
1.967819914055389807e+00 1.047950134869460315e-02
1.502102877771241296e+00 1.129163587440355082e-02
2.171897259249149670e+00 8.425519754555091390e-03
2.069007327504018612e+00 9.933662261075512992e-03
2.469751427097711005e+00 1.021481899918698019e-02
2.063654262119778870e+00 1.059482111899610543e-02
2.117513506432211479e+00 8.903849170607373853e-03
1.027463868913128575e+00 9.434146981012225472e-03
1.420138524504946043e+00 1.092895597067184039e-02
1.762050306545235534e+00 1.180995616339504395e-02
2.148422265385087293e+00 1.009897127859789821e-02
1.996850610521332614e+00 1.097947793123524134e-02
2.750445178450515726e+00 1.016760469235925349e-02
1.564920404981171131e+00 1.043038070889693025e-02
1.880183963267264557e+00 9.608016310732433313e-03
2.127540347391390529e+00 9.766768869467033418e-03
1.884251295186647024e+00 9.419328572879448122e-03
2.247790197588445338e+00 1.009621756553332091e-02
1.714718587997563937e+00 1.110465737594077545e-02
2.710171152579648357e+00 1.018735283821084817e-02
1.840204929533554079e+00 1.065478384200561901e-02
2.557972592290911784e+00 9.353183292449829267e-03
1.984848316399442814e+00 1.071601072461960194e-02
2.745761173163930646e+00 6.826017699062628293e-03
1.300941994581152894e+00 8.564823350023530180e-03
2.258398777051659145e+00 9.656645577979225403e-03
1.783711811925061008e+00 8.163424326277136239e-03
2.115700380510742384e+00 1.056197065997722777e-02
2.596402582777435963e+00 1.020139179809951765e-02
1.430451600594276007e+00 9.072629186623040395e-03
1.338985132636512088e+00 1.008778039332146846e-02
1.500816560690106494e+00 8.473136669127157364e-03
2.127193787151056892e+00 9.081791543345815038e-03
1.056581537319597697e+00 9.604890330764524753e-03
2.048296867188216019e+00 8.377325177394695857e-03
1.356885336186312463e+00 1.104310748651622653e-02
1.428139086831436533e+00 9.330399282338329436e-03
1.815411127408301351e+00 1.102012944355001273e-02
2.190298792290150676e+00 9.845616755054183850e-03
1.686792748257061492e+00 1.030583628192082747e-02
1.753978053428785877e+00 9.077320486192539187e-03
1.979077885909588774e+00 9.685329130645703791e-03
1.863632231931936944e+00 9.570479551016357334e-03
6.617393174797423505e-01 1.023011792161456629e-02
1.784949696461493707e+00 1.137512108593160057e-02
2.042482028910444836e+00 9.430219415442293515e-03
2.548889743770315519e+00 9.831191720869981304e-03
3.023166388182380260e+00 1.035674534984348111e-02
2.333493924795849050e+00 1.085929768258648946e-02
2.039546096355529414e+00 9.884627308621954378e-03
1.517618266345270417e+00 9.611957052978643140e-03
2.044526685399035593e+00 9.410908697737334003e-03
2.389448451140122387e+00 1.000476666767589201e-02
2.632322455759628088e+00 1.024025470877059502e-02
1.559744332974299263e+00 9.311200202559339473e-03
2.118202797815475158e+00 9.690020504244669167e-03
2.407802232994693092e+00 1.075943708045077121e-02
2.930405834588047043e+00 9.973042625362204400e-03
2.127795242867623227e+00 9.423736545776073906e-03
1.729248141956149398e+00 1.070853691766025101e-02
1.655200171454691560e+00 1.071303027872503276e-02
1.821279635635782546e+00 1.061251787333354277e-02
1.674039898035028617e+00 1.066765733877473622e-02
2.413267924101824224e+00 9.602842495057262867e-03
2.534652861265349166e+00 1.020420500387853036e-02
2.362428411145747198e+00 1.031498374082026083e-02
2.596093121534569725e+00 1.012197978149816276e-02
1.773115730850910232e+00 8.241099546188674144e-03
2.190167529340476094e+00 9.981216697483068917e-03
1.807668412184741946e+00 1.035191602071981916e-02
2.021829344126545358e+00 1.049543485101087255e-02
2.612492871234485481e+00 9.701709011463421559e-03
1.985132344090167367e+00 1.003260794277735513e-02
1.067597101172668372e+00 8.191173014454556853e-03
1.873592006191566517e+00 8.503344680593509855e-03
1.643575102156360046e+00 7.029000478981310002e-03
1.245541440103785646e+00 9.770904067347130004e-03
1.604817155407302742e+00 1.162630210174587023e-02
2.480312401649926723e+00 1.175262538172447239e-02
2.840455324452642483e+00 8.871389917077133341e-03
1.755496979116911493e+00 1.065199556467699357e-02
2.501267918381641753e+00 1.126092072180645727e-02
2.589111050736208952e+00 9.696119971426234163e-03
1.420103866064319931e+00 8.032941996011651667e-03
1.980318647626410744e+00 1.142515911132514252e-02
1.977769914563189735e+00 9.642604287774535904e-03
2.086192839415711209e+00 9.608239090798078447e-03
1.203124594809064973e+00 1.171449593360601379e-02
1.825428880437204304e+00 1.047264995619280603e-02
2.528910603531143497e+00 1.084813286124013641e-02
2.631101599586735063e+00 1.160842798640846982e-02
2.915681040509287669e+00 9.857227567350348649e-03
1.831245477241374209e+00 9.030667818640442795e-03
2.934753778148363246e+00 1.079935876691094122e-02
2.332952555844932441e+00 1.001489265141199993e-02
1.320399416137911786e+00 1.076188228753357026e-02
2.380804641026927904e+00 1.042314237093350249e-02
1.823859982874561192e+00 9.262195380036947201e-03
2.259538132061308602e+00 1.005537528390641755e-02
1.948738028726623606e+00 9.694775840567187997e-03
2.604119320433825990e+00 9.796953465622610518e-03
2.128280079709903738e+00 9.992955684590302395e-03
1.858747490949352876e+00 1.038655233385648094e-02
2.482482884219227248e+00 1.024523386394853887e-02
2.128110888211380392e+00 8.762652432541456760e-03
1.793521799608663869e+00 1.067227264164499582e-02
2.638637181027922995e+00 8.603675245492974771e-03
1.795827378774645489e+00 1.226082997561562735e-02
1.681432568469455768e+00 9.277986340861892750e-03
1.730212693983851580e+00 9.983087982709153499e-03
1.267263955950741927e+00 1.138439163443826993e-02
1.723396415261148062e+00 9.844453456737286418e-03
2.930438846018927901e+00 8.773845506500881769e-03
1.545858032379579416e+00 8.612364840912795083e-03
2.004209451870913483e+00 1.032730139885569727e-02
1.445908325230674807e+00 1.045741168950604753e-02
1.694323424112099241e+00 1.087511521252863995e-02
2.759346079474836344e+00 1.031749255979362394e-02
2.448177867947234354e+00 9.563166115350848345e-03
1.694874824878965569e+00 1.051824280833131564e-02
2.003110058041852604e+00 1.148750010565603545e-02
1.586998019051210296e+00 9.243361188178506049e-03
1.607897323870999928e+00 1.362528748614650134e-02
1.542588900980712330e+00 9.626979219658316628e-03
1.551430111549879198e+00 1.129947918567557850e-02
2.162974636559086949e+00 1.193484358919942243e-02
2.298396583376198787e+00 1.095914698203515406e-02
2.244121246318209195e+00 1.034851000031713000e-02
1.915281571568294261e+00 1.076920919228655481e-02
1.320977399821454235e+00 1.138217673881984117e-02
1.966444764180424132e+00 7.399822629528858206e-03
1.537853129081088621e+00 1.050411937447697300e-02
2.440650566259741527e+00 9.637015886483692520e-03
2.278221472309776896e+00 9.347230567946061483e-03
2.373445765354055048e+00 1.015869728852792503e-02
1.825815841763576142e+00 1.021911054590307448e-02
1.094490413235678528e+00 1.053327869436127343e-02
2.478948196792746028e+00 9.450241015866887515e-03
2.613160667471646992e+00 1.116401167510312070e-02
1.258341695777044578e+00 7.936749153948562119e-03
2.068958022115897410e+00 9.057806180287703013e-03
2.596626289580879821e+00 8.804659685335137001e-03
1.462138225193180263e+00 1.012491414500395898e-02
2.883841387934944045e+00 9.515501646494266969e-03
1.825483771739637495e+00 1.054423900690935022e-02
1.462304944823985986e+00 9.224352492500018097e-03
2.685829020464850281e+00 1.129779488257805914e-02
2.147266068255097693e+00 1.075060784654721657e-02
1.673430919215333379e+00 9.490440308983424944e-03
2.439893976445700829e+00 8.308009733418339829e-03
1.022116435815148439e+00 8.809904338357219325e-03
2.907653188413372281e+00 8.448018230273872733e-03
1.591874969824774499e+00 1.124246464807960623e-02
2.142992136534830117e+00 1.075752642717959194e-02
1.800691914872273092e+00 8.728511678210369371e-03
2.218116057379297956e+00 1.188803225470256610e-02
2.443962861410152065e+00 9.703677537780229165e-03
1.588056947512468842e+00 7.741538466536863894e-03
2.393181458941760820e+00 1.108955228701851217e-02
1.852983376155412198e+00 1.130638703171151990e-02
1.656070245082958525e+00 1.000707173823298275e-02
1.887978196396935537e+00 9.101600984297778321e-03
1.497695697305955864e+00 1.123763944784279128e-02
1.602166213433870112e+00 9.494660171545351093e-03
2.474566919928016695e+00 9.982930060580317774e-03
1.924588478811671166e+00 1.047155441485906995e-02
2.570766548955268682e+00 1.030694779108693067e-02
2.215878497164217809e+00 9.540443736862001117e-03
1.487015851823759949e+00 8.956702502318477158e-03
1.051064286191933483e+00 1.075530587880952661e-02
1.656379090955681477e+00 7.786761153224764156e-03
2.132063244688181758e+00 1.033262456232675493e-02
2.004406459956580733e+00 1.027171913432081869e-02
1.584952189693522806e+00 1.052892979230344618e-02
2.506406150128221544e+00 9.633128784928239943e-03
1.127138247847754959e+00 1.022269409739398616e-02
1.370676706407006229e+00 1.079733052719649387e-02
2.063647551173120931e+00 8.956482918819688721e-03
3.096881576348996745e+00 1.005664593207896383e-02
2.206967064107997700e+00 1.038389365749290728e-02
1.497380170176306979e+00 8.740991500771216199e-03
2.296328569997025060e+00 9.054482997481322348e-03
2.341698287127949030e+00 1.158674740401783622e-02
2.468928463765554415e+00 1.104284571058311223e-02
1.795067733061408211e+00 9.258186952966098240e-03
1.600136780361763211e+00 1.072667270892700350e-02
2.059108639675475416e+00 1.041299252707870646e-02
2.207637439542388780e+00 1.141097755704770060e-02
2.799117623939014976e+00 1.114786102733077849e-02
3.044824437431041808e+00 7.571392667568223496e-03
1.633465033115801823e+00 9.704538738995974190e-03
1.738514186500504266e+00 1.138389736044264841e-02
1.968213459704759583e+00 1.164294864436191124e-02
1.875113946702751999e+00 9.386688087650160370e-03
2.242895088585119545e+00 8.770426282760495143e-03
2.242868602547329449e+00 1.026151484995466157e-02
2.128948491912640684e+00 9.361288316015297858e-03
2.672035645515395963e+00 9.988326642462030253e-03
1.920744537790145756e+00 8.832858299291484680e-03
1.474596030421826409e+00 1.077160132672503982e-02
1.219699386461330137e+00 1.057637784706888864e-02
1.485930062674158503e+00 1.046471826914051849e-02
1.477871039418104937e+00 8.904378485600704732e-03
1.058288084624977365e+00 8.313877964538826312e-03
2.331593884919534343e+00 8.724159116835630140e-03
2.092633917639141750e+00 1.050100688028410278e-02
1.788603636278595976e+00 8.202401566989618240e-03
1.555055510476278879e+00 1.066249781269666165e-02
1.209527311843712871e+00 1.177918821461993414e-02
1.540140201613472648e+00 9.374551971233222383e-03
2.923954528309253398e+00 9.817323607702491822e-03
8.946041802107176366e-01 1.098949506665184567e-02
2.070905258691747797e+00 1.092003725410867904e-02
2.371818485375094543e+00 9.385931414469330519e-03
2.068066114858799764e+00 9.829572872734832281e-03
1.841597539593134769e+00 1.012734970364922472e-02
2.384036971674561300e+00 9.739952785762787807e-03
1.448335870059922925e+00 1.058534487152040446e-02
2.277772497684501296e+00 1.033742180380543829e-02
2.715348685854465316e+00 1.131543360141627416e-02
1.479312806749424780e+00 8.298887692149259365e-03
1.590083296786048761e+00 1.119354402493773736e-02
2.067970187616298361e+00 1.082635361128029237e-02
2.494786397905778053e+00 9.875959765837995577e-03
2.669574148376309353e+00 1.042653393750274035e-02
2.340313476758951960e+00 1.098694828816369068e-02
1.665248613064394423e+00 1.031106312922673920e-02
1.442793643966158834e+00 9.762012607286320656e-03
2.121489288020315556e+00 1.029244879870132474e-02
2.199128813458356646e+00 9.313485972916479838e-03
1.449723844402703410e+00 8.698592996170970149e-03
2.029895242686821533e+00 9.134773392719534521e-03
2.166118732677546621e+00 9.238936290482299349e-03
2.522531996616141914e+00 1.020094379743241922e-02
1.504718648197046926e+00 1.080544455474459660e-02
2.278482264129354284e+00 1.025646669481120044e-02
1.415362101405982287e+00 1.146889972696047040e-02
1.786707010291233910e+00 9.923918069148466789e-03
1.960861625721663781e+00 9.369452716082866950e-03
2.758958128948881150e+00 9.286781733475980502e-03
3.657152119609013763e+00 9.112888934355281925e-03
2.126772837652147530e+00 9.709854077333827244e-03
2.247645748164618595e+00 1.139060580777060544e-02
2.503770807355115924e+00 8.544037926049926832e-03
1.319171888427322692e+00 1.056957767701209062e-02
2.382831700865386981e+00 1.000610887755897654e-02
1.379130069815551529e+00 1.085987083982319600e-02
2.814555986651746444e+00 9.555089175105717370e-03
2.721745882465939292e+00 1.075334298124039703e-02
2.250769841636728774e+00 9.532169010250201788e-03
1.596650742907260279e+00 1.066353496270162036e-02
2.834012635441292005e+00 8.077516246021879814e-03
2.129844187350816931e+00 1.052889445499608466e-02
2.055121771211926074e+00 1.078240557172179676e-02
2.289771673347487102e+00 8.446583648263507674e-03
1.143826714457056859e+00 1.089099205367934260e-02
2.214249711257954445e+00 8.908354018384773143e-03
2.498054076453957162e+00 1.103470946405395690e-02
2.169500490812623195e+00 1.004426667266058136e-02
2.072629372739665410e+00 1.073744990843723823e-02
1.523170941936290435e+00 1.042549319040662371e-02
2.321777414501100090e+00 8.856413176708226656e-03
2.100234473536319868e+00 1.160485024253748304e-02
2.004531893309154267e+00 1.127538271234643924e-02
1.718397540607904839e+00 9.039030462121120865e-03
2.428085555024198872e+00 1.062793654605211253e-02
2.623592184845231490e+00 1.052593639474732647e-02
2.194073087097998975e+00 9.387229823773277429e-03
2.448374536204949603e+00 9.026416880021858116e-03
2.663011648670885911e+00 1.135103056315216012e-02
2.794080572622780423e+00 9.672369176669004184e-03
2.112825075226070215e+00 1.097832192676680314e-02
1.893335989517340057e+00 1.197641258328727663e-02
1.792527065753350524e+00 1.055997379944705224e-02
2.006873506174544186e+00 9.189031023887829497e-03
2.275983204114377934e+00 1.106037540648992581e-02
2.469090967563448924e+00 8.702708157251824381e-03
1.786628989502563325e+00 9.169212357861422288e-03
2.074928778280545671e+00 1.300679945265491300e-02
1.501709991445827619e+00 9.282380132403554931e-03
2.631982003553023475e+00 1.042851524901770507e-02
1.804269473611049834e+00 9.019737445026368081e-03
2.178960563985740784e+00 9.956736244046717615e-03
1.640314968735341772e+00 1.027947638615142427e-02
1.850861979665886725e+00 7.429021629515808467e-03
1.657001947936855624e+00 9.421358028765008941e-03
2.852483278811959622e+00 1.073940800111481894e-02
2.179681870957039802e+00 1.094418821776562897e-02
1.916777667475399349e+00 1.041322206128064351e-02
1.526178842090253340e+00 9.127693545425582394e-03
1.694850142551812322e+00 1.046916703453030714e-02
2.284352531195798619e+00 9.580868264304341630e-03
2.832962509005954033e+00 9.299880157590117991e-03
1.284555584785137761e+00 1.007058901660608588e-02
1.541476720499342701e+00 1.234859835605634643e-02
1.912105918953551198e+00 9.167544607835772727e-03
1.685866324360191015e+00 1.110999146668130780e-02
1.170408965635824305e+00 1.032290945989206010e-02
2.009654874832700333e+00 8.583344020150341161e-03
2.375521275517096687e+00 9.155295301232470317e-03
1.211444320210663061e+00 9.896792952200359969e-03
2.105479888337297822e+00 9.593482493486141238e-03
2.482336454276686144e+00 1.032759410792884192e-02
2.490163663784024095e+00 9.073345180175398927e-03
1.790064653241000725e+00 9.049819013160974659e-03
3.152374522966645110e+00 1.106957546282552433e-02
2.277556702394969435e+00 1.003192129532756195e-02
1.594466890875126497e+00 9.212510995459822355e-03
2.492149469947783746e+00 1.006292411423245770e-02
1.438706015640508928e+00 1.189859581563046387e-02
2.447634726730620880e+00 9.480230212903400719e-03
1.368972827932426917e+00 8.572269614800082788e-03
2.395271286717038706e+00 1.099697458864927133e-02
1.708219116189353182e+00 1.202489503566878462e-02
2.566144031333466913e+00 1.131890564233477628e-02
2.370338707269142642e+00 8.742258853600573185e-03
2.223603959666670349e+00 7.993745693378321790e-03
2.029316216981152277e+00 1.131544807848670550e-02
2.543508128547841363e+00 9.871175589382281956e-03
1.098329043538588845e+00 1.055379427030414888e-02
2.216277168659175345e+00 9.860285350791831230e-03
2.206716350658751047e+00 1.172509474740478057e-02
2.281074946236630652e+00 1.011576712718000037e-02
2.413114411033026485e+00 9.724700619565150236e-03
3.851229118799930351e+00 1.018043935673910473e-02
2.058391334076740797e+00 8.837073476420109069e-03
2.402249767110432366e+00 1.019923523553332469e-02
2.076184248446855563e+00 9.943546878012351348e-03
2.786334033972808211e+00 7.913858062099324991e-03
9.895947590659970317e-01 8.885138937343698209e-03
2.848973764591427482e+00 8.769420600471970750e-03
1.658096791641252121e+00 8.451766519149115503e-03
8.688793535606276208e-01 1.037749926975087625e-02
1.460907211324626420e+00 1.114646175198620928e-02
1.912740331148828243e+00 1.033870400085809028e-02
2.097122624255149503e+00 8.530445053165844338e-03
1.977054319015251860e+00 8.229482244857916698e-03
2.408408861967183068e+00 1.079128167291897554e-02
1.982411506827500114e+00 9.698379922472140369e-03
1.968401199380621636e+00 9.904853833739601585e-03
9.282422365311038259e-01 8.705445275738545735e-03
2.243672033486698858e+00 7.971738738367350682e-03
2.505120850556506795e+00 1.221478049599746679e-02
1.789663585267337709e+00 9.390016238178056432e-03
1.061457850395668423e+00 9.802267466834237858e-03
1.331747254714966022e+00 8.848383135547571027e-03
2.836780819154286259e+00 1.152127111427578288e-02
1.696896377370722409e+00 9.635119907454119809e-03
1.667708058224416590e+00 9.826843034098257240e-03
1.590274453963062662e+00 1.003036788034272937e-02
2.340442058662950853e+00 9.970991456049134449e-03
1.706078223510825165e+00 1.139987243081486655e-02
1.565484042043280954e+00 8.160190612690600837e-03
1.246818607541008372e+00 1.060762081585095960e-02
1.946100509294671266e+00 9.356749147904014699e-03
2.500473835984224458e+00 9.567844377603520328e-03
1.926033558504816279e+00 9.357315789578756274e-03
2.441109841119549095e+00 1.039959696218786984e-02
2.087713193722270155e+00 8.689185726582960775e-03
2.073918437273076787e+00 9.431614551769836041e-03
2.089486454665300474e+00 1.053102441667970977e-02
2.017220707541864666e+00 9.396788642945345937e-03
2.513102509212477464e+00 9.491046938635783192e-03
2.243926451026628577e+00 1.034375341083682530e-02
1.710944660338855616e+00 1.005532322693160861e-02
2.064310023345715450e+00 9.631178948804186915e-03
1.962017682651507222e+00 1.001935507661745085e-02
2.242465989734861331e+00 9.079300911014467207e-03
2.090158325457486033e+00 1.082021851741867338e-02
2.207288969233764941e+00 8.870545630720039210e-03
1.261339077715968537e+00 8.356997875970230069e-03
2.189795581877337582e+00 1.038582800232441643e-02
2.656806029242135381e+00 8.643771768060691182e-03
1.324903027824458235e+00 9.001260208249721798e-03
2.800466270544541558e+00 9.739496538841600076e-03
2.148536359406127527e+00 1.066092523212718718e-02
1.896125748964829771e+00 9.474188352479470665e-03
1.097755925411090905e+00 9.507948772721543443e-03
2.543798510047888151e+00 9.521829287750152582e-03
1.515225230998547890e+00 1.032353043924996890e-02
1.744404613897832856e+00 9.435726024187976457e-03
2.272952133374543493e+00 1.018333692460994186e-02
1.487210066889116833e+00 1.129996766589845027e-02
1.506583300288329763e+00 9.716147283546640659e-03
1.424359838041123982e+00 9.567689658814781256e-03
1.944319908179867440e+00 9.006987229466620337e-03
2.294268210323747059e+00 9.178728833502378809e-03
2.201503031149633749e+00 8.695308340331640157e-03
2.203701403260581948e+00 8.835952756363198851e-03
1.827909878905241037e+00 9.352968934857486261e-03
2.070234708606760954e+00 1.026787520176265789e-02
1.654979625684458000e+00 1.041584303954961807e-02
2.998837656637272531e+00 9.500031897772823891e-03
2.097363577240799692e+00 1.025033243677310989e-02
1.022507317155640916e+00 8.631907745479908134e-03
1.465346101773316922e+00 1.199472943670077535e-02
2.800651405737061062e+00 1.239907913417261434e-02
1.316756356187176014e+00 9.810705226231480891e-03
1.781152604589494093e+00 1.043342941879884210e-02
2.201812857616664232e+00 1.002789699867712332e-02
1.451688158819343322e+00 1.070670761876773257e-02
2.533302348582067154e+00 9.298980124885386847e-03
2.839541739768050022e+00 8.412505074453657458e-03
1.587630413010738373e+00 1.073614462326650219e-02
2.564647827928897783e+00 8.840415073138043270e-03
1.554388494295852574e+00 1.028070651587921491e-02
1.501025045314005268e+00 9.009231136789242617e-03
2.122842544242329321e+00 9.160342707832948642e-03
2.118965671946551943e+00 1.091209419843551000e-02
1.701982299324778403e+00 1.154009778531982916e-02
2.421012121218576674e+00 9.776208415222954751e-03
1.265409176968261384e+00 9.509278590855176766e-03
1.572167029649300440e+00 1.022920336743153580e-02
1.461065305512474932e+00 9.385298781908579802e-03
2.379181833994298945e+00 8.202016250200491743e-03
2.401951102263817361e+00 9.910011354375605069e-03
2.333470222869383992e+00 7.696100985136355294e-03
1.352199764448313690e+00 1.035883756076572994e-02
2.066384066155646071e+00 9.426906659407922884e-03
2.228826756854179525e+00 1.011972409046924155e-02
1.191510010727495184e+00 8.460877514349953582e-03
1.589153448476605002e+00 9.180842970251547330e-03
2.322931171284487561e+00 1.049598495290697021e-02
2.351827080046767549e+00 1.129057902868087042e-02
2.127617397776796704e+00 1.076608141608028854e-02
2.271037837456766795e+00 1.031325221171243423e-02
2.162048028186691617e+00 8.817714137612503791e-03
2.074959358674175025e+00 1.049850610974870438e-02
1.945371570302167896e+00 1.006070063328468912e-02
1.564283885401076546e+00 9.612136996656190160e-03
1.877225839764395277e+00 1.122839473295070278e-02
1.798542527677414737e+00 9.160452896026724523e-03
3.158887353814254340e+00 1.168451814979436579e-02
2.130120362705935300e+00 9.282170055877595263e-03
1.994652433829041005e+00 9.252853718738532351e-03
1.884011250206954591e+00 9.829881805436617090e-03
1.942397464798604423e+00 8.609946174103310160e-03
1.863866543893416328e+00 9.459167556183110948e-03
2.272352504264110618e+00 1.000632302059889511e-02
1.985277587384771891e+00 8.232983848216286413e-03
2.405539850296371629e+00 9.098180624195921495e-03
1.652411953265000344e+00 8.537641299162446878e-03
2.175117294155644476e+00 9.487583527206749565e-03
2.438578102035118267e+00 1.106428229123637696e-02
1.422870506968037851e+00 9.491870663456421220e-03
2.083884999307033858e+00 9.737757673345401668e-03
2.123533724111049903e+00 1.015014003219686690e-02
1.832626364168024713e+00 8.815944289536963019e-03
1.756419511780009213e+00 1.015194780412536496e-02
1.072544946529902399e+00 9.406061006385269332e-03
2.574410631317336051e+00 9.279083796426329869e-03
1.533538106684079194e+00 8.215303457611478413e-03
1.379814731207903211e+00 9.293294826965616331e-03
2.328956735885823193e+00 1.095803764516985711e-02
1.083862655323423407e+00 1.113144773001131620e-02
2.481635562606435474e+00 9.629680807027862777e-03
2.217109562566295100e+00 9.995117174835348867e-03
2.299044808398952089e+00 9.503959678462353330e-03
1.917999581226046857e+00 8.826960517328228881e-03
1.391326713134135806e+00 8.128523515103677072e-03
1.055618510335904592e+00 1.163069655003754962e-02
2.728406011643238482e+00 8.943053641845472024e-03
1.764029526569309780e+00 1.014113919599035282e-02
1.741659424873174267e+00 1.148195995062360406e-02
2.791081378017117309e+00 9.552457559779721150e-03
1.684298762918675418e+00 9.773062561877536580e-03
1.881020157507097945e+00 1.020614815119053921e-02
1.881500780371131221e+00 9.587355469959485052e-03
1.931270127726857577e+00 1.019697365775635786e-02
1.480279067426498951e+00 9.612852682927946688e-03
1.719893146946097851e+00 1.108312590871695161e-02
2.642744523136058010e+00 1.044284703031266547e-02
2.380546567059393936e+00 8.775303301152795332e-03
5.114373438575920972e-01 8.631158117827896631e-03
1.020734180327738994e+00 9.320984277470927351e-03
2.166818386631002014e+00 9.355560641396904950e-03
1.943522855890950307e+00 9.229256322025085335e-03
1.812736781888129700e+00 1.089564752909767328e-02
2.521369650364866821e+00 9.251524926345450553e-03
1.107870337178248121e+00 9.517773171058351717e-03
2.599796023765493125e+00 1.011700459073035241e-02
2.065795461816337664e+00 7.992069649632225700e-03
2.274203033623948933e+00 1.040866814351983256e-02
2.126684949494686450e+00 1.055872807695613230e-02
2.423070343213913347e+00 1.137798630657495258e-02
1.874834103918097794e+00 9.002333260028756723e-03
1.728870984075382644e+00 9.520573478068294210e-03
2.390785667214161414e+00 1.019628008637493179e-02
2.087551392845096387e+00 9.612029468654213760e-03
1.372855755653978216e+00 8.534707848068857211e-03
2.674807087393172189e+00 1.089418991200588605e-02
2.605382251466266119e+00 9.707942827048019266e-03
2.720718939613441467e+00 1.034041780145089108e-02
2.039848495586998212e+00 8.921443067717371028e-03
2.175266370454373988e+00 1.095014097785249052e-02
1.809228809268328408e+00 9.646703659238312772e-03
1.513585344001979305e+00 9.278296315759996388e-03
2.032736028605035994e+00 1.078367788878447329e-02
2.088254250161312164e+00 1.110102617407953546e-02
1.668619291726394227e+00 9.065067592889927695e-03
2.914847404658835739e+00 1.099133579201512154e-02
1.192042620081630089e+00 1.161559004982570462e-02
1.592327648012695551e+00 1.026070952342470789e-02
1.664314393282293469e+00 8.592005832167678298e-03
2.645602697584967355e+00 1.056818273434319798e-02
1.871704757763366089e+00 1.106506989594612141e-02
1.837530857565606190e+00 8.983529126160582495e-03
1.557254360199919585e+00 1.167164837594087193e-02
1.617752345058173447e+00 9.807572959376079091e-03
1.347690064564410095e+00 9.884734903975759754e-03
2.507768606125847288e+00 1.109898901068201438e-02
2.304445280195020818e+00 1.021386875188361708e-02
2.495016995859804521e+00 1.125289235081800530e-02
1.668820079365815001e+00 9.994448811600857227e-03
3.255958438962212043e+00 1.039483532780514224e-02
1.509343951575493614e+00 1.002970196744885911e-02
9.730931639212694328e-01 1.024527203568827670e-02
1.853945072543292882e+00 1.058958091205192999e-02
2.068559686747197812e+00 1.048994356456830340e-02
2.378170319911817376e+00 9.705147704555492846e-03
1.491284652563338753e+00 1.094326552984273108e-02
2.295427612222189495e+00 9.920308083285277190e-03
2.853926196824096539e+00 1.120853923660136871e-02
1.574037616000321771e+00 1.062424386013315937e-02
1.629916802330822589e+00 9.918786516404640152e-03
1.148569810404691527e+00 9.276327973787929643e-03
2.120470497301478741e+00 1.004950559680583937e-02
2.428706883756801993e+00 1.139374838669119337e-02
2.383470328572517172e+00 1.019903787368105219e-02
2.416811582726226426e+00 1.097991401857873438e-02
2.708073470888626044e+00 9.922946251684341967e-03
2.063721237728101787e+00 9.694624355481303024e-03
2.476385987648567433e+00 9.312186665827611870e-03
1.524191392912291665e+00 8.067331178401287300e-03
1.604546735696872561e+00 1.031957709101147605e-02
2.120433090664376685e+00 1.004293191733769686e-02
1.590989150731635604e+00 9.954824411607225004e-03
2.285851606580148854e+00 1.078434887965035345e-02
2.687525698615872649e+00 9.020069432384009156e-03
2.201768132618711959e+00 1.169897252349515367e-02
1.631284224995228183e+00 8.540590621624419287e-03
1.625762072367689548e+00 1.025305670067838161e-02
2.682683254473504419e+00 8.812276662157524088e-03
1.600932090401839369e+00 9.728664511803078799e-03
2.044658656474544589e+00 1.115660999792554044e-02
1.870552572164144722e+00 8.509381825800074045e-03
2.026510708413069128e+00 1.017820973535368129e-02
2.548184694877593248e+00 1.010711958120257513e-02
1.730603444742399244e+00 1.017657851932556035e-02
1.294803573612384628e+00 1.025164625991485320e-02
2.725868075694538817e+00 1.079858219519927442e-02
2.111507076689314921e+00 1.049043004800739518e-02
2.362864566078242134e+00 1.037282326896696305e-02
1.990310958181224832e+00 1.088805923970622910e-02
2.388811532588159814e+00 1.065839758306280118e-02
2.632368782477348290e+00 9.867295394980015594e-03
2.683163160013396720e+00 8.767741609372417880e-03
1.863272962610136974e+00 1.078882258172883524e-02
1.823923838900735728e+00 9.650107873271205131e-03
2.197434117716352553e+00 1.163778612195546028e-02
2.103585769943710826e+00 9.433772645207500265e-03
2.282898139903046353e+00 8.788177257084927446e-03
1.644530644276469999e+00 1.112477457222385731e-02
8.376505846617063877e-01 9.247816485734191433e-03
2.225009935038829934e+00 8.495744424854985780e-03
2.390622810670662624e+00 1.116829127139511851e-02
2.321507602296467354e+00 8.537782227184369244e-03
2.829721454366361577e+00 1.130610244138051737e-02
2.426114420965232554e+00 9.036192139320785993e-03
1.805833314045272475e+00 1.039693692767617444e-02
2.492712953015797872e+00 1.021193166887840800e-02
1.957532623398817284e+00 8.174355999953874380e-03
2.627642497537156174e+00 9.972891842178237959e-03
2.118993895480240308e+00 9.567885937259015122e-03
2.226755317828764014e+00 1.011357436532619308e-02
2.113861876147229424e+00 1.051870369437457944e-02
2.027252518239328172e+00 1.156464359356948815e-02
1.251713647928091699e+00 9.749516265538826776e-03
2.028869986637005685e+00 9.887270283095283413e-03
8.637258645169387794e-01 1.213979444661848588e-02
2.248901500378197138e+00 1.071133918133611827e-02
2.495959458205227577e+00 1.074791772518332578e-02
3.025551641130637570e+00 8.457319167735297474e-03
2.187038202485947824e+00 8.589697821166327948e-03
1.641751759430826851e+00 9.433648317353668725e-03
1.205211705399915623e+00 9.798629271159209342e-03
2.973885078108524205e+00 1.047530732043510694e-02
1.286864867482694130e+00 1.272089679437827386e-02
2.447761701715567728e+00 8.733796366953847784e-03
8.468652506632150523e-01 9.575389568411656407e-03
1.974255315398345756e+00 1.061353801734883986e-02
2.341611755617019508e+00 1.025589376395232358e-02
2.162617900186340147e+00 1.110654891108185487e-02
1.979229779360724972e+00 9.696265836159867826e-03
1.587645547852398309e+00 9.086697645258915226e-03
1.546666915928830432e+00 1.207359924816828883e-02
2.504314285220843317e+00 1.042354262620333316e-02
2.217864968856389396e+00 8.786624949712133412e-03
1.919705785838374146e+00 9.636852379025661122e-03
2.103413419303445497e+00 9.919077982069628846e-03
1.536648813476917175e+00 8.487816245018613495e-03
2.511145433100013147e+00 1.075142724099603479e-02
2.630487184714181748e+00 1.012684499720767697e-02
1.610074622301292946e+00 9.608207168221659378e-03
2.051010443538114014e+00 9.319574571531126853e-03
2.524123651041995764e+00 1.161682222991583004e-02
1.679085734588706469e+00 9.889778305825599330e-03
3.017288389811273230e+00 9.191754261950476831e-03
2.755314478682677315e+00 7.918461998744295502e-03
1.860562026224648946e+00 8.899523460935847979e-03
2.489386058897785414e+00 1.065509920052925240e-02
2.831098242406518750e+00 1.145225256169911908e-02
1.377954772186730459e+00 8.796220506160449051e-03
2.309612104731517235e+00 7.913422312172988665e-03
1.927824906702542584e+00 9.991180355774297722e-03
1.891731775845735042e+00 9.909947135089516509e-03
2.355153293512804336e+00 1.081863153926058106e-02
1.761461386258825534e+00 9.245391560223414906e-03
1.300123797415410731e+00 1.006351614665330040e-02
1.288918818310472503e+00 8.097869783506666391e-03
1.990132331957995993e+00 8.718619382273336618e-03
2.314450661202624548e+00 9.407966069207700580e-03
1.988061714889602261e+00 9.509580014112005084e-03
1.923702292431772598e+00 1.048591456068954930e-02
1.984601789470978206e+00 1.117714505907991401e-02
2.644656479304712260e+00 8.533205006158280786e-03
2.265226665575032161e+00 1.163903748894344788e-02
1.627044476430633102e+00 9.206619509388180161e-03
1.855607671887581134e+00 9.534541398711822782e-03
2.602344527141428721e+00 1.108395996283484397e-02
1.709848918912707072e+00 7.556684977208745491e-03
1.802632062440589378e+00 8.505926613158121957e-03
1.987467866786830850e+00 9.130541596803837950e-03
1.467544566907026837e+00 1.004078382089652367e-02
2.451184024822313567e+00 1.104307381913309689e-02
9.052630638266587759e-01 1.105951669249306130e-02
2.725686053165896183e+00 9.049003981870879648e-03
1.782420818675481966e+00 1.071369144640664690e-02
1.371709191655737570e+00 9.544847624402828454e-03
2.141131740447924869e+00 1.145427145607913304e-02
1.144388198602931173e+00 9.689019718715000812e-03
2.268675170751333958e+00 1.102737071281370204e-02
2.386811999408206653e+00 8.939588415393438445e-03
1.712044827121986579e+00 1.074522098878918225e-02
1.805552278648251630e+00 8.601991525460045071e-03
2.474372397374989596e+00 1.007857911883116610e-02
1.664627638874299986e+00 8.351062694862004115e-03
2.011251163541805553e+00 9.827744165605898155e-03
2.173808260713628648e+00 9.183823720530639306e-03
2.779979922079552690e+00 8.996754860361904152e-03
1.748462390234457153e+00 1.021483031310580110e-02
